568
723
610
748
340
237
246
587
606
199
277
344
624
357
540
530
38
125
331
176
609
295
42
72
515
67
731
5
513
184
376
12
273
219
601
542
420
347
477
632
98
234
65
700
269
623
400
86
640
716
441
185
140
630
160
407
166
13
402
309
465
726
526
2
227
573
638
127
474
189
502
262
622
710
142
181
251
152
55
684
577
6
626
629
192
471
215
380
362
291
83
92
226
297
232
394
122
581
70
384
651
721
252
263
508
421
364
647
494
633
431
612
366
589
737
442
582
552
495
288
615
524
130
320
625
432
510
646
254
571
332
738
602
481
528
479
120
49
339
742
741
496
553
448
557
519
235
454
136
138
374
561
316
694
720
627
663
639
367
336
461
514
565
554
507
669
250
564
497
306
746
201
395
440
604
525
317
677
598
302
378
173
504
611
81
486
15
534
635
39
427
165
256
637
236
111
162
703
438
116
346
177
259
188
617
294
631
229
616
104
238
425
324
444
47
150
662
740
63
46
300
141
434
311
26
301
93
592
34
223
417
674
387
462
285
335
245
423
110
586
572
430
714
591
382
410
260
679
242
652
563
451
743
305
661
341
648
208
37
715
649
212
728
323
690
118
621
363
666
412
522
326
53
84
144
487
713
509
276
657
304
483
283
228
678
204
414
389
398
74
329
233
470
257
108
424
385
94
642
718
230
268
315
44
583
426
409
222
501
704
447
489
121
182
705
476
78
685
129
408
190
498
446
54
645
58
545
491
265
620
284
23
174
664
464
200
523
255
729
4
673
343
25
361
429
650
41
413
231
77
697
57
707
293
699
99
676
745
702
266
574
253
722
217
267
692
172
453
458
560
76
60
701
312
584
80
117
472
603
392
405
313
391
579
605
536
145
119
566
580
634
585
342
670
314
724
156
373
318
30
618
569
96
435
399
66
594
466
132
139
272
712
531
655
643
128
183
213
319
36
221
158
529
325
379
157
282
549
548
706
310
467
29
135
61
244
653
197
355
688
191
667
3
482
671
105
164
186
178
628
675
114
175
492
641
511
734
149
214
397
97
455
11
153
95
406
567
418
535
596
27
691
337
499
555
14
20
48
345
562
203
533
274
308
322
527
124
113
570
386
401
296
62
544
137
443
9
79
550
249
505
103
608
64
350
170
370
7
133
456
717
224
506
279
593
195
180
206
541
167
198
8
687
19
205
503
695
59
218
576
354
106
248
439
50
69
532
750
490
24
396
334
303
388
240
18
33
607
56
711
658
419
179
484
194
660
171
485
154
40
71
211
112
749
327
271
733
239
275
588
90
351
45
680
488
75
151
590
383
155
359
330
668
100
551
390
216
241
708
22
289
422
287
352
682
449
349
290
143
247
28
730
16
512
321
744
123
539
328
91
348
480
87
365
369
436
672
559
115
292
377
210
299
109
517
43
134
35
393
281
739
537
159
73
168
619
358
21
264
209
500
518
463
131
736
52
478
468
683
10
735
88
578
595
600
85
202
163
689
403
546
450
270
243
416
375
51
32
89
307
659
207
665
371
693
437
636
433
31
220
147
68
258
146
415
225
1
614
428
360
681
575
169
148
698
353
473
599
368
356
493
17
732
475
597
725
747
457
404
654
126
459
613
656
298
372
547
520
161
452
196
521
469
556
709
280
411
516
686
338
261
719
460
286
193
278
727