237
246
199
277
38
125
176
295
42
72
67
5
184
12
273
219
98
234
65
269
86
185
140
160
166
13
2
227
127
189
262
142
181
251
152
55
6
192
215
291
83
92
226
297
232
122
70
252
263
288
130
254
120
49
235
136
138
250
201
173
81
15
39
165
256
236
111
162
116
177
259
188
294
229
104
238
47
150
63
46
300
141
26
93
34
223
285
245
110
260
242
208
37
212
118
53
84
144
276
283
228
204
74
233
257
108
94
230
268
44
222
121
182
78
129
190
54
58
265
284
23
174
200
255
4
25
41
231
77
57
293
99
266
253
217
267
172
76
60
80
117
145
119
156
30
96
66
132
139
272
128
183
213
36
221
158
157
282
29
135
61
244
197
191
3
105
164
186
178
114
175
149
214
97
11
153
95
27
14
20
48
203
274
124
113
296
62
137
9
79
249
103
64
170
7
133
224
279
195
180
206
167
198
8
19
205
59
218
106
248
50
69
24
240
18
33
56
179
194
171
154
40
71
211
112
271
239
275
90
45
75
151
155
100
216
241
22
289
287
290
143
247
28
16
123
91
87
115
292
210
299
109
43
134
35
281
159
73
168
21
264
209
131
52
10
88
85
202
163
270
243
51
32
89
207
31
220
147
68
258
146
225
1
169
148
17
126
298
161
196
280
261
286
193
278